2700	2641	2584	2529	2476	2425	2376	2329	2284	2241	2200	2161	2124	2089	2056	2025	1996	1969	1944	1921	1900	1881	1864	1849	1836	2641	2582	2525	2470	2417	2366	2317	2270	2225	2182	2141	2102	2065	2030	1997	1966	1937	1910	1885	1862	1841	1822	1805	1790	1777	2584	2525	2468	2413	2360	2309	2260	2213	2168	2125	2084	2045	2008	1973	1940	1909	1880	1853	1828	1805	1784	1765	1748	1733	1720	2529	2470	2413	2358	2305	2254	2205	2158	2113	2070	2029	1990	1953	1918	1885	1854	1825	1798	1773	1750	1729	1710	1693	1678	1665	2476	2417	2360	2305	2252	2201	2152	2105	2060	2017	1976	1937	1900	1865	1832	1801	1772	1745	1720	1697	1676	1657	1640	1625	1612	2425	2366	2309	2254	2201	2150	2101	2054	2009	1966	1925	1886	1849	1814	1781	1750	1721	1694	1669	1646	1625	1606	1589	1574	1561	2376	2317	2260	2205	2152	2101	2052	2005	1960	1917	1876	1837	1800	1765	1732	1701	1672	1645	1620	1597	1576	1557	1540	1525	1512	2329	2270	2213	2158	2105	2054	2005	1958	1913	1870	1829	1790	1753	1718	1685	1654	1625	1598	1573	1550	1529	1510	1493	1478	1465	2284	2225	2168	2113	2060	2009	1960	1913	1868	1825	1784	1745	1708	1673	1640	1609	1580	1553	1528	1505	1484	1465	1448	1433	1420	2241	2182	2125	2070	2017	1966	1917	1870	1825	1782	1741	1702	1665	1630	1597	1566	1537	1510	1485	1462	1441	1422	1405	1390	1377	2200	2141	2084	2029	1976	1925	1876	1829	1784	1741	1700	1661	1624	1589	1556	1525	1496	1469	1444	1421	1400	1381	1364	1349	1336	2161	2102	2045	1990	1937	1886	1837	1790	1745	1702	1661	1622	1585	1550	1517	1486	1457	1430	1405	1382	1361	1342	1325	1310	1297	2124	2065	2008	1953	1900	1849	1800	1753	1708	1665	1624	1585	1548	1513	1480	1449	1420	1393	1368	1345	1324	1305	1288	1273	1260	2089	2030	1973	1918	1865	1814	1765	1718	1673	1630	1589	1550	1513	1478	1445	1414	1385	1358	1333	1310	1289	1270	1253	1238	1225	2056	1997	1940	1885	1832	1781	1732	1685	1640	1597	1556	1517	1480	1445	1412	1381	1352	1325	1300	1277	1256	1237	1220	1205	1192	2025	1966	1909	1854	1801	1750	1701	1654	1609	1566	1525	1486	1449	1414	1381	1350	1321	1294	1269	1246	1225	1206	1189	1174	1161	1996	1937	1880	1825	1772	1721	1672	1625	1580	1537	1496	1457	1420	1385	1352	1321	1292	1265	1240	1217	1196	1177	1160	1145	1132	1969	1910	1853	1798	1745	1694	1645	1598	1553	1510	1469	1430	1393	1358	1325	1294	1265	1238	1213	1190	1169	1150	1133	1118	1105	1944	1885	1828	1773	1720	1669	1620	1573	1528	1485	1444	1405	1368	1333	1300	1269	1240	1213	1188	1165	1144	1125	1108	1093	1080	1921	1862	1805	1750	1697	1646	1597	1550	1505	1462	1421	1382	1345	1310	1277	1246	1217	1190	1165	1142	1121	1102	1085	1070	1057	1900	1841	1784	1729	1676	1625	1576	1529	1484	1441	1400	1361	1324	1289	1256	1225	1196	1169	1144	1121	1100	1081	1064	1049	1036	1881	1822	1765	1710	1657	1606	1557	1510	1465	1422	1381	1342	1305	1270	1237	1206	1177	1150	1125	1102	1081	1062	1045	1030	1017	1864	1805	1748	1693	1640	1589	1540	1493	1448	1405	1364	1325	1288	1253	1220	1189	1160	1133	1108	1085	1064	1045	1028	1013	1000	1849	1790	1733	1678	1625	1574	1525	1478	1433	1390	1349	1310	1273	1238	1205	1174	1145	1118	1093	1070	1049	1030	1013	998	985	1836	1777	1720	1665	1612	1561	1512	1465	1420	1377	1336	1297	1260	1225	1192	1161	1132	1105	1080	1057	1036	1017	1000	985	972	
2641	2582	2525	2470	2417	2366	2317	2270	2225	2182	2141	2102	2065	2030	1997	1966	1937	1910	1885	1862	1841	1822	1805	1790	1777	2582	2523	2466	2411	2358	2307	2258	2211	2166	2123	2082	2043	2006	1971	1938	1907	1878	1851	1826	1803	1782	1763	1746	1731	1718	2525	2466	2409	2354	2301	2250	2201	2154	2109	2066	2025	1986	1949	1914	1881	1850	1821	1794	1769	1746	1725	1706	1689	1674	1661	2470	2411	2354	2299	2246	2195	2146	2099	2054	2011	1970	1931	1894	1859	1826	1795	1766	1739	1714	1691	1670	1651	1634	1619	1606	2417	2358	2301	2246	2193	2142	2093	2046	2001	1958	1917	1878	1841	1806	1773	1742	1713	1686	1661	1638	1617	1598	1581	1566	1553	2366	2307	2250	2195	2142	2091	2042	1995	1950	1907	1866	1827	1790	1755	1722	1691	1662	1635	1610	1587	1566	1547	1530	1515	1502	2317	2258	2201	2146	2093	2042	1993	1946	1901	1858	1817	1778	1741	1706	1673	1642	1613	1586	1561	1538	1517	1498	1481	1466	1453	2270	2211	2154	2099	2046	1995	1946	1899	1854	1811	1770	1731	1694	1659	1626	1595	1566	1539	1514	1491	1470	1451	1434	1419	1406	2225	2166	2109	2054	2001	1950	1901	1854	1809	1766	1725	1686	1649	1614	1581	1550	1521	1494	1469	1446	1425	1406	1389	1374	1361	2182	2123	2066	2011	1958	1907	1858	1811	1766	1723	1682	1643	1606	1571	1538	1507	1478	1451	1426	1403	1382	1363	1346	1331	1318	2141	2082	2025	1970	1917	1866	1817	1770	1725	1682	1641	1602	1565	1530	1497	1466	1437	1410	1385	1362	1341	1322	1305	1290	1277	2102	2043	1986	1931	1878	1827	1778	1731	1686	1643	1602	1563	1526	1491	1458	1427	1398	1371	1346	1323	1302	1283	1266	1251	1238	2065	2006	1949	1894	1841	1790	1741	1694	1649	1606	1565	1526	1489	1454	1421	1390	1361	1334	1309	1286	1265	1246	1229	1214	1201	2030	1971	1914	1859	1806	1755	1706	1659	1614	1571	1530	1491	1454	1419	1386	1355	1326	1299	1274	1251	1230	1211	1194	1179	1166	1997	1938	1881	1826	1773	1722	1673	1626	1581	1538	1497	1458	1421	1386	1353	1322	1293	1266	1241	1218	1197	1178	1161	1146	1133	1966	1907	1850	1795	1742	1691	1642	1595	1550	1507	1466	1427	1390	1355	1322	1291	1262	1235	1210	1187	1166	1147	1130	1115	1102	1937	1878	1821	1766	1713	1662	1613	1566	1521	1478	1437	1398	1361	1326	1293	1262	1233	1206	1181	1158	1137	1118	1101	1086	1073	1910	1851	1794	1739	1686	1635	1586	1539	1494	1451	1410	1371	1334	1299	1266	1235	1206	1179	1154	1131	1110	1091	1074	1059	1046	1885	1826	1769	1714	1661	1610	1561	1514	1469	1426	1385	1346	1309	1274	1241	1210	1181	1154	1129	1106	1085	1066	1049	1034	1021	1862	1803	1746	1691	1638	1587	1538	1491	1446	1403	1362	1323	1286	1251	1218	1187	1158	1131	1106	1083	1062	1043	1026	1011	998	1841	1782	1725	1670	1617	1566	1517	1470	1425	1382	1341	1302	1265	1230	1197	1166	1137	1110	1085	1062	1041	1022	1005	990	977	1822	1763	1706	1651	1598	1547	1498	1451	1406	1363	1322	1283	1246	1211	1178	1147	1118	1091	1066	1043	1022	1003	986	971	958	1805	1746	1689	1634	1581	1530	1481	1434	1389	1346	1305	1266	1229	1194	1161	1130	1101	1074	1049	1026	1005	986	969	954	941	1790	1731	1674	1619	1566	1515	1466	1419	1374	1331	1290	1251	1214	1179	1146	1115	1086	1059	1034	1011	990	971	954	939	926	1777	1718	1661	1606	1553	1502	1453	1406	1361	1318	1277	1238	1201	1166	1133	1102	1073	1046	1021	998	977	958	941	926	913	
2584	2525	2468	2413	2360	2309	2260	2213	2168	2125	2084	2045	2008	1973	1940	1909	1880	1853	1828	1805	1784	1765	1748	1733	1720	2525	2466	2409	2354	2301	2250	2201	2154	2109	2066	2025	1986	1949	1914	1881	1850	1821	1794	1769	1746	1725	1706	1689	1674	1661	2468	2409	2352	2297	2244	2193	2144	2097	2052	2009	1968	1929	1892	1857	1824	1793	1764	1737	1712	1689	1668	1649	1632	1617	1604	2413	2354	2297	2242	2189	2138	2089	2042	1997	1954	1913	1874	1837	1802	1769	1738	1709	1682	1657	1634	1613	1594	1577	1562	1549	2360	2301	2244	2189	2136	2085	2036	1989	1944	1901	1860	1821	1784	1749	1716	1685	1656	1629	1604	1581	1560	1541	1524	1509	1496	2309	2250	2193	2138	2085	2034	1985	1938	1893	1850	1809	1770	1733	1698	1665	1634	1605	1578	1553	1530	1509	1490	1473	1458	1445	2260	2201	2144	2089	2036	1985	1936	1889	1844	1801	1760	1721	1684	1649	1616	1585	1556	1529	1504	1481	1460	1441	1424	1409	1396	2213	2154	2097	2042	1989	1938	1889	1842	1797	1754	1713	1674	1637	1602	1569	1538	1509	1482	1457	1434	1413	1394	1377	1362	1349	2168	2109	2052	1997	1944	1893	1844	1797	1752	1709	1668	1629	1592	1557	1524	1493	1464	1437	1412	1389	1368	1349	1332	1317	1304	2125	2066	2009	1954	1901	1850	1801	1754	1709	1666	1625	1586	1549	1514	1481	1450	1421	1394	1369	1346	1325	1306	1289	1274	1261	2084	2025	1968	1913	1860	1809	1760	1713	1668	1625	1584	1545	1508	1473	1440	1409	1380	1353	1328	1305	1284	1265	1248	1233	1220	2045	1986	1929	1874	1821	1770	1721	1674	1629	1586	1545	1506	1469	1434	1401	1370	1341	1314	1289	1266	1245	1226	1209	1194	1181	2008	1949	1892	1837	1784	1733	1684	1637	1592	1549	1508	1469	1432	1397	1364	1333	1304	1277	1252	1229	1208	1189	1172	1157	1144	1973	1914	1857	1802	1749	1698	1649	1602	1557	1514	1473	1434	1397	1362	1329	1298	1269	1242	1217	1194	1173	1154	1137	1122	1109	1940	1881	1824	1769	1716	1665	1616	1569	1524	1481	1440	1401	1364	1329	1296	1265	1236	1209	1184	1161	1140	1121	1104	1089	1076	1909	1850	1793	1738	1685	1634	1585	1538	1493	1450	1409	1370	1333	1298	1265	1234	1205	1178	1153	1130	1109	1090	1073	1058	1045	1880	1821	1764	1709	1656	1605	1556	1509	1464	1421	1380	1341	1304	1269	1236	1205	1176	1149	1124	1101	1080	1061	1044	1029	1016	1853	1794	1737	1682	1629	1578	1529	1482	1437	1394	1353	1314	1277	1242	1209	1178	1149	1122	1097	1074	1053	1034	1017	1002	989	1828	1769	1712	1657	1604	1553	1504	1457	1412	1369	1328	1289	1252	1217	1184	1153	1124	1097	1072	1049	1028	1009	992	977	964	1805	1746	1689	1634	1581	1530	1481	1434	1389	1346	1305	1266	1229	1194	1161	1130	1101	1074	1049	1026	1005	986	969	954	941	1784	1725	1668	1613	1560	1509	1460	1413	1368	1325	1284	1245	1208	1173	1140	1109	1080	1053	1028	1005	984	965	948	933	920	1765	1706	1649	1594	1541	1490	1441	1394	1349	1306	1265	1226	1189	1154	1121	1090	1061	1034	1009	986	965	946	929	914	901	1748	1689	1632	1577	1524	1473	1424	1377	1332	1289	1248	1209	1172	1137	1104	1073	1044	1017	992	969	948	929	912	897	884	1733	1674	1617	1562	1509	1458	1409	1362	1317	1274	1233	1194	1157	1122	1089	1058	1029	1002	977	954	933	914	897	882	869	1720	1661	1604	1549	1496	1445	1396	1349	1304	1261	1220	1181	1144	1109	1076	1045	1016	989	964	941	920	901	884	869	856	
2529	2470	2413	2358	2305	2254	2205	2158	2113	2070	2029	1990	1953	1918	1885	1854	1825	1798	1773	1750	1729	1710	1693	1678	1665	2470	2411	2354	2299	2246	2195	2146	2099	2054	2011	1970	1931	1894	1859	1826	1795	1766	1739	1714	1691	1670	1651	1634	1619	1606	2413	2354	2297	2242	2189	2138	2089	2042	1997	1954	1913	1874	1837	1802	1769	1738	1709	1682	1657	1634	1613	1594	1577	1562	1549	2358	2299	2242	2187	2134	2083	2034	1987	1942	1899	1858	1819	1782	1747	1714	1683	1654	1627	1602	1579	1558	1539	1522	1507	1494	2305	2246	2189	2134	2081	2030	1981	1934	1889	1846	1805	1766	1729	1694	1661	1630	1601	1574	1549	1526	1505	1486	1469	1454	1441	2254	2195	2138	2083	2030	1979	1930	1883	1838	1795	1754	1715	1678	1643	1610	1579	1550	1523	1498	1475	1454	1435	1418	1403	1390	2205	2146	2089	2034	1981	1930	1881	1834	1789	1746	1705	1666	1629	1594	1561	1530	1501	1474	1449	1426	1405	1386	1369	1354	1341	2158	2099	2042	1987	1934	1883	1834	1787	1742	1699	1658	1619	1582	1547	1514	1483	1454	1427	1402	1379	1358	1339	1322	1307	1294	2113	2054	1997	1942	1889	1838	1789	1742	1697	1654	1613	1574	1537	1502	1469	1438	1409	1382	1357	1334	1313	1294	1277	1262	1249	2070	2011	1954	1899	1846	1795	1746	1699	1654	1611	1570	1531	1494	1459	1426	1395	1366	1339	1314	1291	1270	1251	1234	1219	1206	2029	1970	1913	1858	1805	1754	1705	1658	1613	1570	1529	1490	1453	1418	1385	1354	1325	1298	1273	1250	1229	1210	1193	1178	1165	1990	1931	1874	1819	1766	1715	1666	1619	1574	1531	1490	1451	1414	1379	1346	1315	1286	1259	1234	1211	1190	1171	1154	1139	1126	1953	1894	1837	1782	1729	1678	1629	1582	1537	1494	1453	1414	1377	1342	1309	1278	1249	1222	1197	1174	1153	1134	1117	1102	1089	1918	1859	1802	1747	1694	1643	1594	1547	1502	1459	1418	1379	1342	1307	1274	1243	1214	1187	1162	1139	1118	1099	1082	1067	1054	1885	1826	1769	1714	1661	1610	1561	1514	1469	1426	1385	1346	1309	1274	1241	1210	1181	1154	1129	1106	1085	1066	1049	1034	1021	1854	1795	1738	1683	1630	1579	1530	1483	1438	1395	1354	1315	1278	1243	1210	1179	1150	1123	1098	1075	1054	1035	1018	1003	990	1825	1766	1709	1654	1601	1550	1501	1454	1409	1366	1325	1286	1249	1214	1181	1150	1121	1094	1069	1046	1025	1006	989	974	961	1798	1739	1682	1627	1574	1523	1474	1427	1382	1339	1298	1259	1222	1187	1154	1123	1094	1067	1042	1019	998	979	962	947	934	1773	1714	1657	1602	1549	1498	1449	1402	1357	1314	1273	1234	1197	1162	1129	1098	1069	1042	1017	994	973	954	937	922	909	1750	1691	1634	1579	1526	1475	1426	1379	1334	1291	1250	1211	1174	1139	1106	1075	1046	1019	994	971	950	931	914	899	886	1729	1670	1613	1558	1505	1454	1405	1358	1313	1270	1229	1190	1153	1118	1085	1054	1025	998	973	950	929	910	893	878	865	1710	1651	1594	1539	1486	1435	1386	1339	1294	1251	1210	1171	1134	1099	1066	1035	1006	979	954	931	910	891	874	859	846	1693	1634	1577	1522	1469	1418	1369	1322	1277	1234	1193	1154	1117	1082	1049	1018	989	962	937	914	893	874	857	842	829	1678	1619	1562	1507	1454	1403	1354	1307	1262	1219	1178	1139	1102	1067	1034	1003	974	947	922	899	878	859	842	827	814	1665	1606	1549	1494	1441	1390	1341	1294	1249	1206	1165	1126	1089	1054	1021	990	961	934	909	886	865	846	829	814	801	
2476	2417	2360	2305	2252	2201	2152	2105	2060	2017	1976	1937	1900	1865	1832	1801	1772	1745	1720	1697	1676	1657	1640	1625	1612	2417	2358	2301	2246	2193	2142	2093	2046	2001	1958	1917	1878	1841	1806	1773	1742	1713	1686	1661	1638	1617	1598	1581	1566	1553	2360	2301	2244	2189	2136	2085	2036	1989	1944	1901	1860	1821	1784	1749	1716	1685	1656	1629	1604	1581	1560	1541	1524	1509	1496	2305	2246	2189	2134	2081	2030	1981	1934	1889	1846	1805	1766	1729	1694	1661	1630	1601	1574	1549	1526	1505	1486	1469	1454	1441	2252	2193	2136	2081	2028	1977	1928	1881	1836	1793	1752	1713	1676	1641	1608	1577	1548	1521	1496	1473	1452	1433	1416	1401	1388	2201	2142	2085	2030	1977	1926	1877	1830	1785	1742	1701	1662	1625	1590	1557	1526	1497	1470	1445	1422	1401	1382	1365	1350	1337	2152	2093	2036	1981	1928	1877	1828	1781	1736	1693	1652	1613	1576	1541	1508	1477	1448	1421	1396	1373	1352	1333	1316	1301	1288	2105	2046	1989	1934	1881	1830	1781	1734	1689	1646	1605	1566	1529	1494	1461	1430	1401	1374	1349	1326	1305	1286	1269	1254	1241	2060	2001	1944	1889	1836	1785	1736	1689	1644	1601	1560	1521	1484	1449	1416	1385	1356	1329	1304	1281	1260	1241	1224	1209	1196	2017	1958	1901	1846	1793	1742	1693	1646	1601	1558	1517	1478	1441	1406	1373	1342	1313	1286	1261	1238	1217	1198	1181	1166	1153	1976	1917	1860	1805	1752	1701	1652	1605	1560	1517	1476	1437	1400	1365	1332	1301	1272	1245	1220	1197	1176	1157	1140	1125	1112	1937	1878	1821	1766	1713	1662	1613	1566	1521	1478	1437	1398	1361	1326	1293	1262	1233	1206	1181	1158	1137	1118	1101	1086	1073	1900	1841	1784	1729	1676	1625	1576	1529	1484	1441	1400	1361	1324	1289	1256	1225	1196	1169	1144	1121	1100	1081	1064	1049	1036	1865	1806	1749	1694	1641	1590	1541	1494	1449	1406	1365	1326	1289	1254	1221	1190	1161	1134	1109	1086	1065	1046	1029	1014	1001	1832	1773	1716	1661	1608	1557	1508	1461	1416	1373	1332	1293	1256	1221	1188	1157	1128	1101	1076	1053	1032	1013	996	981	968	1801	1742	1685	1630	1577	1526	1477	1430	1385	1342	1301	1262	1225	1190	1157	1126	1097	1070	1045	1022	1001	982	965	950	937	1772	1713	1656	1601	1548	1497	1448	1401	1356	1313	1272	1233	1196	1161	1128	1097	1068	1041	1016	993	972	953	936	921	908	1745	1686	1629	1574	1521	1470	1421	1374	1329	1286	1245	1206	1169	1134	1101	1070	1041	1014	989	966	945	926	909	894	881	1720	1661	1604	1549	1496	1445	1396	1349	1304	1261	1220	1181	1144	1109	1076	1045	1016	989	964	941	920	901	884	869	856	1697	1638	1581	1526	1473	1422	1373	1326	1281	1238	1197	1158	1121	1086	1053	1022	993	966	941	918	897	878	861	846	833	1676	1617	1560	1505	1452	1401	1352	1305	1260	1217	1176	1137	1100	1065	1032	1001	972	945	920	897	876	857	840	825	812	1657	1598	1541	1486	1433	1382	1333	1286	1241	1198	1157	1118	1081	1046	1013	982	953	926	901	878	857	838	821	806	793	1640	1581	1524	1469	1416	1365	1316	1269	1224	1181	1140	1101	1064	1029	996	965	936	909	884	861	840	821	804	789	776	1625	1566	1509	1454	1401	1350	1301	1254	1209	1166	1125	1086	1049	1014	981	950	921	894	869	846	825	806	789	774	761	1612	1553	1496	1441	1388	1337	1288	1241	1196	1153	1112	1073	1036	1001	968	937	908	881	856	833	812	793	776	761	748	
2425	2366	2309	2254	2201	2150	2101	2054	2009	1966	1925	1886	1849	1814	1781	1750	1721	1694	1669	1646	1625	1606	1589	1574	1561	2366	2307	2250	2195	2142	2091	2042	1995	1950	1907	1866	1827	1790	1755	1722	1691	1662	1635	1610	1587	1566	1547	1530	1515	1502	2309	2250	2193	2138	2085	2034	1985	1938	1893	1850	1809	1770	1733	1698	1665	1634	1605	1578	1553	1530	1509	1490	1473	1458	1445	2254	2195	2138	2083	2030	1979	1930	1883	1838	1795	1754	1715	1678	1643	1610	1579	1550	1523	1498	1475	1454	1435	1418	1403	1390	2201	2142	2085	2030	1977	1926	1877	1830	1785	1742	1701	1662	1625	1590	1557	1526	1497	1470	1445	1422	1401	1382	1365	1350	1337	2150	2091	2034	1979	1926	1875	1826	1779	1734	1691	1650	1611	1574	1539	1506	1475	1446	1419	1394	1371	1350	1331	1314	1299	1286	2101	2042	1985	1930	1877	1826	1777	1730	1685	1642	1601	1562	1525	1490	1457	1426	1397	1370	1345	1322	1301	1282	1265	1250	1237	2054	1995	1938	1883	1830	1779	1730	1683	1638	1595	1554	1515	1478	1443	1410	1379	1350	1323	1298	1275	1254	1235	1218	1203	1190	2009	1950	1893	1838	1785	1734	1685	1638	1593	1550	1509	1470	1433	1398	1365	1334	1305	1278	1253	1230	1209	1190	1173	1158	1145	1966	1907	1850	1795	1742	1691	1642	1595	1550	1507	1466	1427	1390	1355	1322	1291	1262	1235	1210	1187	1166	1147	1130	1115	1102	1925	1866	1809	1754	1701	1650	1601	1554	1509	1466	1425	1386	1349	1314	1281	1250	1221	1194	1169	1146	1125	1106	1089	1074	1061	1886	1827	1770	1715	1662	1611	1562	1515	1470	1427	1386	1347	1310	1275	1242	1211	1182	1155	1130	1107	1086	1067	1050	1035	1022	1849	1790	1733	1678	1625	1574	1525	1478	1433	1390	1349	1310	1273	1238	1205	1174	1145	1118	1093	1070	1049	1030	1013	998	985	1814	1755	1698	1643	1590	1539	1490	1443	1398	1355	1314	1275	1238	1203	1170	1139	1110	1083	1058	1035	1014	995	978	963	950	1781	1722	1665	1610	1557	1506	1457	1410	1365	1322	1281	1242	1205	1170	1137	1106	1077	1050	1025	1002	981	962	945	930	917	1750	1691	1634	1579	1526	1475	1426	1379	1334	1291	1250	1211	1174	1139	1106	1075	1046	1019	994	971	950	931	914	899	886	1721	1662	1605	1550	1497	1446	1397	1350	1305	1262	1221	1182	1145	1110	1077	1046	1017	990	965	942	921	902	885	870	857	1694	1635	1578	1523	1470	1419	1370	1323	1278	1235	1194	1155	1118	1083	1050	1019	990	963	938	915	894	875	858	843	830	1669	1610	1553	1498	1445	1394	1345	1298	1253	1210	1169	1130	1093	1058	1025	994	965	938	913	890	869	850	833	818	805	1646	1587	1530	1475	1422	1371	1322	1275	1230	1187	1146	1107	1070	1035	1002	971	942	915	890	867	846	827	810	795	782	1625	1566	1509	1454	1401	1350	1301	1254	1209	1166	1125	1086	1049	1014	981	950	921	894	869	846	825	806	789	774	761	1606	1547	1490	1435	1382	1331	1282	1235	1190	1147	1106	1067	1030	995	962	931	902	875	850	827	806	787	770	755	742	1589	1530	1473	1418	1365	1314	1265	1218	1173	1130	1089	1050	1013	978	945	914	885	858	833	810	789	770	753	738	725	1574	1515	1458	1403	1350	1299	1250	1203	1158	1115	1074	1035	998	963	930	899	870	843	818	795	774	755	738	723	710	1561	1502	1445	1390	1337	1286	1237	1190	1145	1102	1061	1022	985	950	917	886	857	830	805	782	761	742	725	710	697	
2376	2317	2260	2205	2152	2101	2052	2005	1960	1917	1876	1837	1800	1765	1732	1701	1672	1645	1620	1597	1576	1557	1540	1525	1512	2317	2258	2201	2146	2093	2042	1993	1946	1901	1858	1817	1778	1741	1706	1673	1642	1613	1586	1561	1538	1517	1498	1481	1466	1453	2260	2201	2144	2089	2036	1985	1936	1889	1844	1801	1760	1721	1684	1649	1616	1585	1556	1529	1504	1481	1460	1441	1424	1409	1396	2205	2146	2089	2034	1981	1930	1881	1834	1789	1746	1705	1666	1629	1594	1561	1530	1501	1474	1449	1426	1405	1386	1369	1354	1341	2152	2093	2036	1981	1928	1877	1828	1781	1736	1693	1652	1613	1576	1541	1508	1477	1448	1421	1396	1373	1352	1333	1316	1301	1288	2101	2042	1985	1930	1877	1826	1777	1730	1685	1642	1601	1562	1525	1490	1457	1426	1397	1370	1345	1322	1301	1282	1265	1250	1237	2052	1993	1936	1881	1828	1777	1728	1681	1636	1593	1552	1513	1476	1441	1408	1377	1348	1321	1296	1273	1252	1233	1216	1201	1188	2005	1946	1889	1834	1781	1730	1681	1634	1589	1546	1505	1466	1429	1394	1361	1330	1301	1274	1249	1226	1205	1186	1169	1154	1141	1960	1901	1844	1789	1736	1685	1636	1589	1544	1501	1460	1421	1384	1349	1316	1285	1256	1229	1204	1181	1160	1141	1124	1109	1096	1917	1858	1801	1746	1693	1642	1593	1546	1501	1458	1417	1378	1341	1306	1273	1242	1213	1186	1161	1138	1117	1098	1081	1066	1053	1876	1817	1760	1705	1652	1601	1552	1505	1460	1417	1376	1337	1300	1265	1232	1201	1172	1145	1120	1097	1076	1057	1040	1025	1012	1837	1778	1721	1666	1613	1562	1513	1466	1421	1378	1337	1298	1261	1226	1193	1162	1133	1106	1081	1058	1037	1018	1001	986	973	1800	1741	1684	1629	1576	1525	1476	1429	1384	1341	1300	1261	1224	1189	1156	1125	1096	1069	1044	1021	1000	981	964	949	936	1765	1706	1649	1594	1541	1490	1441	1394	1349	1306	1265	1226	1189	1154	1121	1090	1061	1034	1009	986	965	946	929	914	901	1732	1673	1616	1561	1508	1457	1408	1361	1316	1273	1232	1193	1156	1121	1088	1057	1028	1001	976	953	932	913	896	881	868	1701	1642	1585	1530	1477	1426	1377	1330	1285	1242	1201	1162	1125	1090	1057	1026	997	970	945	922	901	882	865	850	837	1672	1613	1556	1501	1448	1397	1348	1301	1256	1213	1172	1133	1096	1061	1028	997	968	941	916	893	872	853	836	821	808	1645	1586	1529	1474	1421	1370	1321	1274	1229	1186	1145	1106	1069	1034	1001	970	941	914	889	866	845	826	809	794	781	1620	1561	1504	1449	1396	1345	1296	1249	1204	1161	1120	1081	1044	1009	976	945	916	889	864	841	820	801	784	769	756	1597	1538	1481	1426	1373	1322	1273	1226	1181	1138	1097	1058	1021	986	953	922	893	866	841	818	797	778	761	746	733	1576	1517	1460	1405	1352	1301	1252	1205	1160	1117	1076	1037	1000	965	932	901	872	845	820	797	776	757	740	725	712	1557	1498	1441	1386	1333	1282	1233	1186	1141	1098	1057	1018	981	946	913	882	853	826	801	778	757	738	721	706	693	1540	1481	1424	1369	1316	1265	1216	1169	1124	1081	1040	1001	964	929	896	865	836	809	784	761	740	721	704	689	676	1525	1466	1409	1354	1301	1250	1201	1154	1109	1066	1025	986	949	914	881	850	821	794	769	746	725	706	689	674	661	1512	1453	1396	1341	1288	1237	1188	1141	1096	1053	1012	973	936	901	868	837	808	781	756	733	712	693	676	661	648	
2329	2270	2213	2158	2105	2054	2005	1958	1913	1870	1829	1790	1753	1718	1685	1654	1625	1598	1573	1550	1529	1510	1493	1478	1465	2270	2211	2154	2099	2046	1995	1946	1899	1854	1811	1770	1731	1694	1659	1626	1595	1566	1539	1514	1491	1470	1451	1434	1419	1406	2213	2154	2097	2042	1989	1938	1889	1842	1797	1754	1713	1674	1637	1602	1569	1538	1509	1482	1457	1434	1413	1394	1377	1362	1349	2158	2099	2042	1987	1934	1883	1834	1787	1742	1699	1658	1619	1582	1547	1514	1483	1454	1427	1402	1379	1358	1339	1322	1307	1294	2105	2046	1989	1934	1881	1830	1781	1734	1689	1646	1605	1566	1529	1494	1461	1430	1401	1374	1349	1326	1305	1286	1269	1254	1241	2054	1995	1938	1883	1830	1779	1730	1683	1638	1595	1554	1515	1478	1443	1410	1379	1350	1323	1298	1275	1254	1235	1218	1203	1190	2005	1946	1889	1834	1781	1730	1681	1634	1589	1546	1505	1466	1429	1394	1361	1330	1301	1274	1249	1226	1205	1186	1169	1154	1141	1958	1899	1842	1787	1734	1683	1634	1587	1542	1499	1458	1419	1382	1347	1314	1283	1254	1227	1202	1179	1158	1139	1122	1107	1094	1913	1854	1797	1742	1689	1638	1589	1542	1497	1454	1413	1374	1337	1302	1269	1238	1209	1182	1157	1134	1113	1094	1077	1062	1049	1870	1811	1754	1699	1646	1595	1546	1499	1454	1411	1370	1331	1294	1259	1226	1195	1166	1139	1114	1091	1070	1051	1034	1019	1006	1829	1770	1713	1658	1605	1554	1505	1458	1413	1370	1329	1290	1253	1218	1185	1154	1125	1098	1073	1050	1029	1010	993	978	965	1790	1731	1674	1619	1566	1515	1466	1419	1374	1331	1290	1251	1214	1179	1146	1115	1086	1059	1034	1011	990	971	954	939	926	1753	1694	1637	1582	1529	1478	1429	1382	1337	1294	1253	1214	1177	1142	1109	1078	1049	1022	997	974	953	934	917	902	889	1718	1659	1602	1547	1494	1443	1394	1347	1302	1259	1218	1179	1142	1107	1074	1043	1014	987	962	939	918	899	882	867	854	1685	1626	1569	1514	1461	1410	1361	1314	1269	1226	1185	1146	1109	1074	1041	1010	981	954	929	906	885	866	849	834	821	1654	1595	1538	1483	1430	1379	1330	1283	1238	1195	1154	1115	1078	1043	1010	979	950	923	898	875	854	835	818	803	790	1625	1566	1509	1454	1401	1350	1301	1254	1209	1166	1125	1086	1049	1014	981	950	921	894	869	846	825	806	789	774	761	1598	1539	1482	1427	1374	1323	1274	1227	1182	1139	1098	1059	1022	987	954	923	894	867	842	819	798	779	762	747	734	1573	1514	1457	1402	1349	1298	1249	1202	1157	1114	1073	1034	997	962	929	898	869	842	817	794	773	754	737	722	709	1550	1491	1434	1379	1326	1275	1226	1179	1134	1091	1050	1011	974	939	906	875	846	819	794	771	750	731	714	699	686	1529	1470	1413	1358	1305	1254	1205	1158	1113	1070	1029	990	953	918	885	854	825	798	773	750	729	710	693	678	665	1510	1451	1394	1339	1286	1235	1186	1139	1094	1051	1010	971	934	899	866	835	806	779	754	731	710	691	674	659	646	1493	1434	1377	1322	1269	1218	1169	1122	1077	1034	993	954	917	882	849	818	789	762	737	714	693	674	657	642	629	1478	1419	1362	1307	1254	1203	1154	1107	1062	1019	978	939	902	867	834	803	774	747	722	699	678	659	642	627	614	1465	1406	1349	1294	1241	1190	1141	1094	1049	1006	965	926	889	854	821	790	761	734	709	686	665	646	629	614	601	
2284	2225	2168	2113	2060	2009	1960	1913	1868	1825	1784	1745	1708	1673	1640	1609	1580	1553	1528	1505	1484	1465	1448	1433	1420	2225	2166	2109	2054	2001	1950	1901	1854	1809	1766	1725	1686	1649	1614	1581	1550	1521	1494	1469	1446	1425	1406	1389	1374	1361	2168	2109	2052	1997	1944	1893	1844	1797	1752	1709	1668	1629	1592	1557	1524	1493	1464	1437	1412	1389	1368	1349	1332	1317	1304	2113	2054	1997	1942	1889	1838	1789	1742	1697	1654	1613	1574	1537	1502	1469	1438	1409	1382	1357	1334	1313	1294	1277	1262	1249	2060	2001	1944	1889	1836	1785	1736	1689	1644	1601	1560	1521	1484	1449	1416	1385	1356	1329	1304	1281	1260	1241	1224	1209	1196	2009	1950	1893	1838	1785	1734	1685	1638	1593	1550	1509	1470	1433	1398	1365	1334	1305	1278	1253	1230	1209	1190	1173	1158	1145	1960	1901	1844	1789	1736	1685	1636	1589	1544	1501	1460	1421	1384	1349	1316	1285	1256	1229	1204	1181	1160	1141	1124	1109	1096	1913	1854	1797	1742	1689	1638	1589	1542	1497	1454	1413	1374	1337	1302	1269	1238	1209	1182	1157	1134	1113	1094	1077	1062	1049	1868	1809	1752	1697	1644	1593	1544	1497	1452	1409	1368	1329	1292	1257	1224	1193	1164	1137	1112	1089	1068	1049	1032	1017	1004	1825	1766	1709	1654	1601	1550	1501	1454	1409	1366	1325	1286	1249	1214	1181	1150	1121	1094	1069	1046	1025	1006	989	974	961	1784	1725	1668	1613	1560	1509	1460	1413	1368	1325	1284	1245	1208	1173	1140	1109	1080	1053	1028	1005	984	965	948	933	920	1745	1686	1629	1574	1521	1470	1421	1374	1329	1286	1245	1206	1169	1134	1101	1070	1041	1014	989	966	945	926	909	894	881	1708	1649	1592	1537	1484	1433	1384	1337	1292	1249	1208	1169	1132	1097	1064	1033	1004	977	952	929	908	889	872	857	844	1673	1614	1557	1502	1449	1398	1349	1302	1257	1214	1173	1134	1097	1062	1029	998	969	942	917	894	873	854	837	822	809	1640	1581	1524	1469	1416	1365	1316	1269	1224	1181	1140	1101	1064	1029	996	965	936	909	884	861	840	821	804	789	776	1609	1550	1493	1438	1385	1334	1285	1238	1193	1150	1109	1070	1033	998	965	934	905	878	853	830	809	790	773	758	745	1580	1521	1464	1409	1356	1305	1256	1209	1164	1121	1080	1041	1004	969	936	905	876	849	824	801	780	761	744	729	716	1553	1494	1437	1382	1329	1278	1229	1182	1137	1094	1053	1014	977	942	909	878	849	822	797	774	753	734	717	702	689	1528	1469	1412	1357	1304	1253	1204	1157	1112	1069	1028	989	952	917	884	853	824	797	772	749	728	709	692	677	664	1505	1446	1389	1334	1281	1230	1181	1134	1089	1046	1005	966	929	894	861	830	801	774	749	726	705	686	669	654	641	1484	1425	1368	1313	1260	1209	1160	1113	1068	1025	984	945	908	873	840	809	780	753	728	705	684	665	648	633	620	1465	1406	1349	1294	1241	1190	1141	1094	1049	1006	965	926	889	854	821	790	761	734	709	686	665	646	629	614	601	1448	1389	1332	1277	1224	1173	1124	1077	1032	989	948	909	872	837	804	773	744	717	692	669	648	629	612	597	584	1433	1374	1317	1262	1209	1158	1109	1062	1017	974	933	894	857	822	789	758	729	702	677	654	633	614	597	582	569	1420	1361	1304	1249	1196	1145	1096	1049	1004	961	920	881	844	809	776	745	716	689	664	641	620	601	584	569	556	
2241	2182	2125	2070	2017	1966	1917	1870	1825	1782	1741	1702	1665	1630	1597	1566	1537	1510	1485	1462	1441	1422	1405	1390	1377	2182	2123	2066	2011	1958	1907	1858	1811	1766	1723	1682	1643	1606	1571	1538	1507	1478	1451	1426	1403	1382	1363	1346	1331	1318	2125	2066	2009	1954	1901	1850	1801	1754	1709	1666	1625	1586	1549	1514	1481	1450	1421	1394	1369	1346	1325	1306	1289	1274	1261	2070	2011	1954	1899	1846	1795	1746	1699	1654	1611	1570	1531	1494	1459	1426	1395	1366	1339	1314	1291	1270	1251	1234	1219	1206	2017	1958	1901	1846	1793	1742	1693	1646	1601	1558	1517	1478	1441	1406	1373	1342	1313	1286	1261	1238	1217	1198	1181	1166	1153	1966	1907	1850	1795	1742	1691	1642	1595	1550	1507	1466	1427	1390	1355	1322	1291	1262	1235	1210	1187	1166	1147	1130	1115	1102	1917	1858	1801	1746	1693	1642	1593	1546	1501	1458	1417	1378	1341	1306	1273	1242	1213	1186	1161	1138	1117	1098	1081	1066	1053	1870	1811	1754	1699	1646	1595	1546	1499	1454	1411	1370	1331	1294	1259	1226	1195	1166	1139	1114	1091	1070	1051	1034	1019	1006	1825	1766	1709	1654	1601	1550	1501	1454	1409	1366	1325	1286	1249	1214	1181	1150	1121	1094	1069	1046	1025	1006	989	974	961	1782	1723	1666	1611	1558	1507	1458	1411	1366	1323	1282	1243	1206	1171	1138	1107	1078	1051	1026	1003	982	963	946	931	918	1741	1682	1625	1570	1517	1466	1417	1370	1325	1282	1241	1202	1165	1130	1097	1066	1037	1010	985	962	941	922	905	890	877	1702	1643	1586	1531	1478	1427	1378	1331	1286	1243	1202	1163	1126	1091	1058	1027	998	971	946	923	902	883	866	851	838	1665	1606	1549	1494	1441	1390	1341	1294	1249	1206	1165	1126	1089	1054	1021	990	961	934	909	886	865	846	829	814	801	1630	1571	1514	1459	1406	1355	1306	1259	1214	1171	1130	1091	1054	1019	986	955	926	899	874	851	830	811	794	779	766	1597	1538	1481	1426	1373	1322	1273	1226	1181	1138	1097	1058	1021	986	953	922	893	866	841	818	797	778	761	746	733	1566	1507	1450	1395	1342	1291	1242	1195	1150	1107	1066	1027	990	955	922	891	862	835	810	787	766	747	730	715	702	1537	1478	1421	1366	1313	1262	1213	1166	1121	1078	1037	998	961	926	893	862	833	806	781	758	737	718	701	686	673	1510	1451	1394	1339	1286	1235	1186	1139	1094	1051	1010	971	934	899	866	835	806	779	754	731	710	691	674	659	646	1485	1426	1369	1314	1261	1210	1161	1114	1069	1026	985	946	909	874	841	810	781	754	729	706	685	666	649	634	621	1462	1403	1346	1291	1238	1187	1138	1091	1046	1003	962	923	886	851	818	787	758	731	706	683	662	643	626	611	598	1441	1382	1325	1270	1217	1166	1117	1070	1025	982	941	902	865	830	797	766	737	710	685	662	641	622	605	590	577	1422	1363	1306	1251	1198	1147	1098	1051	1006	963	922	883	846	811	778	747	718	691	666	643	622	603	586	571	558	1405	1346	1289	1234	1181	1130	1081	1034	989	946	905	866	829	794	761	730	701	674	649	626	605	586	569	554	541	1390	1331	1274	1219	1166	1115	1066	1019	974	931	890	851	814	779	746	715	686	659	634	611	590	571	554	539	526	1377	1318	1261	1206	1153	1102	1053	1006	961	918	877	838	801	766	733	702	673	646	621	598	577	558	541	526	513	
2200	2141	2084	2029	1976	1925	1876	1829	1784	1741	1700	1661	1624	1589	1556	1525	1496	1469	1444	1421	1400	1381	1364	1349	1336	2141	2082	2025	1970	1917	1866	1817	1770	1725	1682	1641	1602	1565	1530	1497	1466	1437	1410	1385	1362	1341	1322	1305	1290	1277	2084	2025	1968	1913	1860	1809	1760	1713	1668	1625	1584	1545	1508	1473	1440	1409	1380	1353	1328	1305	1284	1265	1248	1233	1220	2029	1970	1913	1858	1805	1754	1705	1658	1613	1570	1529	1490	1453	1418	1385	1354	1325	1298	1273	1250	1229	1210	1193	1178	1165	1976	1917	1860	1805	1752	1701	1652	1605	1560	1517	1476	1437	1400	1365	1332	1301	1272	1245	1220	1197	1176	1157	1140	1125	1112	1925	1866	1809	1754	1701	1650	1601	1554	1509	1466	1425	1386	1349	1314	1281	1250	1221	1194	1169	1146	1125	1106	1089	1074	1061	1876	1817	1760	1705	1652	1601	1552	1505	1460	1417	1376	1337	1300	1265	1232	1201	1172	1145	1120	1097	1076	1057	1040	1025	1012	1829	1770	1713	1658	1605	1554	1505	1458	1413	1370	1329	1290	1253	1218	1185	1154	1125	1098	1073	1050	1029	1010	993	978	965	1784	1725	1668	1613	1560	1509	1460	1413	1368	1325	1284	1245	1208	1173	1140	1109	1080	1053	1028	1005	984	965	948	933	920	1741	1682	1625	1570	1517	1466	1417	1370	1325	1282	1241	1202	1165	1130	1097	1066	1037	1010	985	962	941	922	905	890	877	1700	1641	1584	1529	1476	1425	1376	1329	1284	1241	1200	1161	1124	1089	1056	1025	996	969	944	921	900	881	864	849	836	1661	1602	1545	1490	1437	1386	1337	1290	1245	1202	1161	1122	1085	1050	1017	986	957	930	905	882	861	842	825	810	797	1624	1565	1508	1453	1400	1349	1300	1253	1208	1165	1124	1085	1048	1013	980	949	920	893	868	845	824	805	788	773	760	1589	1530	1473	1418	1365	1314	1265	1218	1173	1130	1089	1050	1013	978	945	914	885	858	833	810	789	770	753	738	725	1556	1497	1440	1385	1332	1281	1232	1185	1140	1097	1056	1017	980	945	912	881	852	825	800	777	756	737	720	705	692	1525	1466	1409	1354	1301	1250	1201	1154	1109	1066	1025	986	949	914	881	850	821	794	769	746	725	706	689	674	661	1496	1437	1380	1325	1272	1221	1172	1125	1080	1037	996	957	920	885	852	821	792	765	740	717	696	677	660	645	632	1469	1410	1353	1298	1245	1194	1145	1098	1053	1010	969	930	893	858	825	794	765	738	713	690	669	650	633	618	605	1444	1385	1328	1273	1220	1169	1120	1073	1028	985	944	905	868	833	800	769	740	713	688	665	644	625	608	593	580	1421	1362	1305	1250	1197	1146	1097	1050	1005	962	921	882	845	810	777	746	717	690	665	642	621	602	585	570	557	1400	1341	1284	1229	1176	1125	1076	1029	984	941	900	861	824	789	756	725	696	669	644	621	600	581	564	549	536	1381	1322	1265	1210	1157	1106	1057	1010	965	922	881	842	805	770	737	706	677	650	625	602	581	562	545	530	517	1364	1305	1248	1193	1140	1089	1040	993	948	905	864	825	788	753	720	689	660	633	608	585	564	545	528	513	500	1349	1290	1233	1178	1125	1074	1025	978	933	890	849	810	773	738	705	674	645	618	593	570	549	530	513	498	485	1336	1277	1220	1165	1112	1061	1012	965	920	877	836	797	760	725	692	661	632	605	580	557	536	517	500	485	472	
2161	2102	2045	1990	1937	1886	1837	1790	1745	1702	1661	1622	1585	1550	1517	1486	1457	1430	1405	1382	1361	1342	1325	1310	1297	2102	2043	1986	1931	1878	1827	1778	1731	1686	1643	1602	1563	1526	1491	1458	1427	1398	1371	1346	1323	1302	1283	1266	1251	1238	2045	1986	1929	1874	1821	1770	1721	1674	1629	1586	1545	1506	1469	1434	1401	1370	1341	1314	1289	1266	1245	1226	1209	1194	1181	1990	1931	1874	1819	1766	1715	1666	1619	1574	1531	1490	1451	1414	1379	1346	1315	1286	1259	1234	1211	1190	1171	1154	1139	1126	1937	1878	1821	1766	1713	1662	1613	1566	1521	1478	1437	1398	1361	1326	1293	1262	1233	1206	1181	1158	1137	1118	1101	1086	1073	1886	1827	1770	1715	1662	1611	1562	1515	1470	1427	1386	1347	1310	1275	1242	1211	1182	1155	1130	1107	1086	1067	1050	1035	1022	1837	1778	1721	1666	1613	1562	1513	1466	1421	1378	1337	1298	1261	1226	1193	1162	1133	1106	1081	1058	1037	1018	1001	986	973	1790	1731	1674	1619	1566	1515	1466	1419	1374	1331	1290	1251	1214	1179	1146	1115	1086	1059	1034	1011	990	971	954	939	926	1745	1686	1629	1574	1521	1470	1421	1374	1329	1286	1245	1206	1169	1134	1101	1070	1041	1014	989	966	945	926	909	894	881	1702	1643	1586	1531	1478	1427	1378	1331	1286	1243	1202	1163	1126	1091	1058	1027	998	971	946	923	902	883	866	851	838	1661	1602	1545	1490	1437	1386	1337	1290	1245	1202	1161	1122	1085	1050	1017	986	957	930	905	882	861	842	825	810	797	1622	1563	1506	1451	1398	1347	1298	1251	1206	1163	1122	1083	1046	1011	978	947	918	891	866	843	822	803	786	771	758	1585	1526	1469	1414	1361	1310	1261	1214	1169	1126	1085	1046	1009	974	941	910	881	854	829	806	785	766	749	734	721	1550	1491	1434	1379	1326	1275	1226	1179	1134	1091	1050	1011	974	939	906	875	846	819	794	771	750	731	714	699	686	1517	1458	1401	1346	1293	1242	1193	1146	1101	1058	1017	978	941	906	873	842	813	786	761	738	717	698	681	666	653	1486	1427	1370	1315	1262	1211	1162	1115	1070	1027	986	947	910	875	842	811	782	755	730	707	686	667	650	635	622	1457	1398	1341	1286	1233	1182	1133	1086	1041	998	957	918	881	846	813	782	753	726	701	678	657	638	621	606	593	1430	1371	1314	1259	1206	1155	1106	1059	1014	971	930	891	854	819	786	755	726	699	674	651	630	611	594	579	566	1405	1346	1289	1234	1181	1130	1081	1034	989	946	905	866	829	794	761	730	701	674	649	626	605	586	569	554	541	1382	1323	1266	1211	1158	1107	1058	1011	966	923	882	843	806	771	738	707	678	651	626	603	582	563	546	531	518	1361	1302	1245	1190	1137	1086	1037	990	945	902	861	822	785	750	717	686	657	630	605	582	561	542	525	510	497	1342	1283	1226	1171	1118	1067	1018	971	926	883	842	803	766	731	698	667	638	611	586	563	542	523	506	491	478	1325	1266	1209	1154	1101	1050	1001	954	909	866	825	786	749	714	681	650	621	594	569	546	525	506	489	474	461	1310	1251	1194	1139	1086	1035	986	939	894	851	810	771	734	699	666	635	606	579	554	531	510	491	474	459	446	1297	1238	1181	1126	1073	1022	973	926	881	838	797	758	721	686	653	622	593	566	541	518	497	478	461	446	433	
2124	2065	2008	1953	1900	1849	1800	1753	1708	1665	1624	1585	1548	1513	1480	1449	1420	1393	1368	1345	1324	1305	1288	1273	1260	2065	2006	1949	1894	1841	1790	1741	1694	1649	1606	1565	1526	1489	1454	1421	1390	1361	1334	1309	1286	1265	1246	1229	1214	1201	2008	1949	1892	1837	1784	1733	1684	1637	1592	1549	1508	1469	1432	1397	1364	1333	1304	1277	1252	1229	1208	1189	1172	1157	1144	1953	1894	1837	1782	1729	1678	1629	1582	1537	1494	1453	1414	1377	1342	1309	1278	1249	1222	1197	1174	1153	1134	1117	1102	1089	1900	1841	1784	1729	1676	1625	1576	1529	1484	1441	1400	1361	1324	1289	1256	1225	1196	1169	1144	1121	1100	1081	1064	1049	1036	1849	1790	1733	1678	1625	1574	1525	1478	1433	1390	1349	1310	1273	1238	1205	1174	1145	1118	1093	1070	1049	1030	1013	998	985	1800	1741	1684	1629	1576	1525	1476	1429	1384	1341	1300	1261	1224	1189	1156	1125	1096	1069	1044	1021	1000	981	964	949	936	1753	1694	1637	1582	1529	1478	1429	1382	1337	1294	1253	1214	1177	1142	1109	1078	1049	1022	997	974	953	934	917	902	889	1708	1649	1592	1537	1484	1433	1384	1337	1292	1249	1208	1169	1132	1097	1064	1033	1004	977	952	929	908	889	872	857	844	1665	1606	1549	1494	1441	1390	1341	1294	1249	1206	1165	1126	1089	1054	1021	990	961	934	909	886	865	846	829	814	801	1624	1565	1508	1453	1400	1349	1300	1253	1208	1165	1124	1085	1048	1013	980	949	920	893	868	845	824	805	788	773	760	1585	1526	1469	1414	1361	1310	1261	1214	1169	1126	1085	1046	1009	974	941	910	881	854	829	806	785	766	749	734	721	1548	1489	1432	1377	1324	1273	1224	1177	1132	1089	1048	1009	972	937	904	873	844	817	792	769	748	729	712	697	684	1513	1454	1397	1342	1289	1238	1189	1142	1097	1054	1013	974	937	902	869	838	809	782	757	734	713	694	677	662	649	1480	1421	1364	1309	1256	1205	1156	1109	1064	1021	980	941	904	869	836	805	776	749	724	701	680	661	644	629	616	1449	1390	1333	1278	1225	1174	1125	1078	1033	990	949	910	873	838	805	774	745	718	693	670	649	630	613	598	585	1420	1361	1304	1249	1196	1145	1096	1049	1004	961	920	881	844	809	776	745	716	689	664	641	620	601	584	569	556	1393	1334	1277	1222	1169	1118	1069	1022	977	934	893	854	817	782	749	718	689	662	637	614	593	574	557	542	529	1368	1309	1252	1197	1144	1093	1044	997	952	909	868	829	792	757	724	693	664	637	612	589	568	549	532	517	504	1345	1286	1229	1174	1121	1070	1021	974	929	886	845	806	769	734	701	670	641	614	589	566	545	526	509	494	481	1324	1265	1208	1153	1100	1049	1000	953	908	865	824	785	748	713	680	649	620	593	568	545	524	505	488	473	460	1305	1246	1189	1134	1081	1030	981	934	889	846	805	766	729	694	661	630	601	574	549	526	505	486	469	454	441	1288	1229	1172	1117	1064	1013	964	917	872	829	788	749	712	677	644	613	584	557	532	509	488	469	452	437	424	1273	1214	1157	1102	1049	998	949	902	857	814	773	734	697	662	629	598	569	542	517	494	473	454	437	422	409	1260	1201	1144	1089	1036	985	936	889	844	801	760	721	684	649	616	585	556	529	504	481	460	441	424	409	396	
